Brain network
  150.  160.  140.	box dimensions in microns
  10    10    10		number of tissue points in x,y,z directions
  100.			outer bound distance (100. in test case)
  10.				max. segment length.  (5. in test case)
  4				nodsegm, max. allowed number of segments per node
  50				total number of segments
 name  type   from   to   diam. rel. flow  hem.
    1    5     21   49  9.0    7.50    0.40
    2    5     28   21  7.0    1.50    0.40
    3    5     27   21  7.0    5.00    0.40
    4    5     32   27  7.0    3.00    0.40
    5    5      4   22  8.0    2.00    0.40
    6    5     22   13  8.0    2.00    0.40
    7    5     13   11  8.0    2.00    0.40
    8    5      1   27  7.0    2.00    0.40
    9    5      8   23  6.0    3.50    0.40
   10    5     23   24  6.0    2.50    0.40
   11    5     24   25  6.0    2.00    0.40
   12    5      3   26  6.0    1.00    0.40
   13    5      2   43  6.0    2.00    0.40
   14    5     14    7  5.0    2.00    0.40
   15    5     17   14  5.0    2.00    0.40
   16    5     20   17  5.0    2.00    0.40
   17    5     18   20  5.0    1.00    0.40
   18    5     19   18  5.0    1.00    0.40
   19    5     25   19  5.0    1.00    0.40
   20    5     25   33  5.0    1.00    0.40
   21    5     33   36  5.0    1.00    0.40
   22    5     36   139  5.0    1.50    0.40
   23    5     139   28  5.0    0.50    0.40
   24    5     15   21  5.0    1.00    0.40
   25    5     16   15  5.0    1.00    0.40
   26    5     12   16  5.0    1.00    0.40
   27    5     10   12  5.0    1.00    0.40
   28    5      6   46  5.0    1.00    0.40
   29    5     46   47  5.0    1.00    0.40
   30    5     47    9  5.0    1.50    0.40
   31    5     26   20  5.0    1.00    0.40
   32    5     35   36  4.0    0.50    0.40
   33    5     145   35  4.0    0.50    0.40
   34    5      5   145  4.0    0.50    0.40
   35    5     40   37  5.0    1.00    0.40
   36    5     48   40  5.0    1.00    0.40
   37    5     43   48  5.0    1.00    0.40
   38    5     43   34  5.0    1.00    0.40
   39    5     34   31  5.0    1.00    0.40
   40    5     31   29  5.0    1.00    0.40
   41    5     29   28  5.0    1.00    0.40
   42    5     37   32  7.0    3.00    0.40
   43    5     144   37  6.0    2.00    0.40
   44    5     42   144  5.0    2.00    0.40
   45    5     38   42  5.0    1.00    0.40
   46    5     30   38  5.0    1.00    0.40
   47    5     23   30  5.0    1.00    0.40
   48    5     41   42  5.0    1.00    0.40
   49    5     139   41  5.0    1.00    0.40
   50    5     24   47  5.0    0.50    0.40
 49                    total number of nodes
name  x     y     z
1	150	92	95
2	52	0	113
3	65.5	0	86.5
4	0	108	87
5	0	6	64
6	0	140	74
7	150	134	29
8	150	104	60
9	150	115	13
10	30	160	101.4
11	55	160	79
12	26.1	150.6	100.9
13	30.7	141.1	83
14	109.4	140.6	74
15	69.4	123	112.6
16	47.9	124.9	113.1
17	101.5	121.7	89.5
18	55.8	111.8	62.5
19	34	109.4	61.7
20	75.1	100.3	75.2
21	105.6	99.9	107
22	14.2	95.3	95.7
23	113.8	87	20.6
24	58.4	87.1	10.6
25	37.2	81.4	17.7
26	80.8	84.3	91.3
27	124.6	89.2	108.4
28	80.7	72.6	110.6
29	21.4	72.2	110.4
30	114.4	67.6	22.8
31	17.6	61.6	122
32	123.2	59.7	102.6
33	56	52.9	35.7
34	35.6	50.1	127.3
35	24.6	51.4	69.7
36	49.4	46.1	72
37	128.1	42.2	114.6
38	97.5	40.3	20.9
139	76.3	37.5	112.7
40	90.5	33.5	127.2
41	114.5	29.2	110.7
42	130.2	23.3	84.3
43	43.7	21	126.6
144	138	7.6	94.3
145	10	7.3	67.7
46	46	150	49
47	100	124	38
48	78	20	127
49	105	119	140
 12	total number of boundary nodes
node bctyp press/flow   HD    PO2    solute 3
 1      2     2.0      0.4      50.		1. 
 2      2     2.0      0.4      50.		1. 
 3      2     1.0      0.4      50.		1. 
 4      2     2.0      0.4      50.		1. 
 5      2     0.5      0.4      50.		1. 
 6      2     1.0      0.4      50.		1. 
 7      0     13.      0.4      50.		1. 
 8      2     3.5      0.4      50.		1. 
 9      2     -1.5     0.4      50.		1. 
10      2     1.0      0.4      50.		1. 
11      0     13.      0.4      50.		1.  
49      0     13.      0.4      50.		1. 