Tumor Duke network  with 295 segments (582 subsegments with min. segment length  50.000000)												
990.000000 810.000000 150.000000 box dimensions in microns												
34 28 6 number of tissue points in x,y,z directions												
100	outer bound distance											
150	max. segment length											
4		maximum number of segments per node										
582	total number of segments											
SegName	Type	StartNode	EndNode	Diam	Flow[nl/min]	Hd						
1	5	1	13	12	-1.5774	0.197235	*					
2	5	13	5001	11	-1.42	0.174759	*					
3	5	5001	5002	11	-1.42	0.174759	*					
4	5	5002	1027	11	-1.42	0.174759	*					
5	5	13	5003	12	-0.1574	0.4	*					
6	5	5003	2	12	-0.1574	0.4	*					
7	5	1027	1031	6.6	-0.596974	0.223016	*					
8	5	1027	5004	10	-0.823026	0.139757	*					
9	5	5004	1093	10	-0.823026	0.139757	*					
10	5	1093	3594	16	2.088864	0.18841	*					
11	5	1093	1086	12	-2.911891	0.174659	*					
12	5	1086	5005	14	-1.282508	0.267222	*					
13	5	5005	1545	14	-1.282508	0.267222	*					
14	5	1086	5006	9	-1.629382	0.101801	*					
15	5	5006	5007	9	-1.629382	0.101801	*					
16	5	5007	1583	9	-1.629382	0.101801	*					
17	5	1583	1340	14.3	7.66165	0.320967	*					
18	5	1583	5008	9	-9.291032	0.282531	*					
19	5	5008	3738	9	-9.291032	0.282531	*					
20	5	3738	3750	12	-38.7523	0.4	*					
21	5	3738	2127	11.9	29.461267	0.437045	*					
22	5	2127	5009	10	2.389623	0.123828	*					
23	5	5009	1230	10	2.389623	0.123828	*					
24	5	2127	5010	31	27.071644	0.464693	*					
25	5	5010	5011	31	27.071644	0.464693	*					
26	5	5011	5012	31	27.071644	0.464693	*					
27	5	5012	5013	31	27.071644	0.464693	*					
28	5	5013	5014	31	27.071644	0.464693	*					
29	5	5014	5015	31	27.071644	0.464693	*					
30	5	5015	5016	31	27.071644	0.464693	*					
31	5	5016	1535	31	27.071644	0.464693	*					
32	5	1535	5017	31	26.247343	0.474247	*					
33	5	5017	5018	31	26.247343	0.474247	*					
34	5	5018	5019	31	26.247343	0.474247	*					
35	5	5019	457	31	26.247343	0.474247	*					
36	5	1535	5020	8	0.8243	0.160497	*					
37	5	5020	2027	8	0.8243	0.160497	*					
38	5	457	465	26.299999	23.538744	0.491538	*					
39	5	457	5021	25	2.7086	0.323975	*					
40	5	5021	5022	25	2.7086	0.323975	*					
41	5	5022	2004	25	2.7086	0.323975	*					
42	5	2004	5023	21	0.692	0.23637	*					
43	5	5023	5024	21	0.692	0.23637	*					
44	5	5024	2024	21	0.692	0.23637	*					
45	5	2004	5025	15	2.0166	0.354036	*					
46	5	5025	2047	15	2.0166	0.354036	*					
47	5	2047	2052	17.799999	0.227	0.09422	*					
48	5	2047	5026	11	1.7896	0.386992	*					
49	5	5026	2067	11	1.7896	0.386992	*					
50	5	2067	2079	11	0.5173	0.259256	*					
51	5	2067	5027	11	1.2723	0.438929	*					
52	5	5027	2096	11	1.2723	0.438929	*					
53	5	465	5028	15.1	2.544899	0.372947	*					
54	5	5028	1249	15.1	2.544899	0.372947	*					
55	5	465	5029	33.599998	20.993847	0.505914	*					
56	5	5029	478	33.599998	20.993847	0.505914	*					
57	5	478	5030	30.299999	24.286655	0.491762	*					
58	5	5030	496	30.299999	24.286655	0.491762	*					
59	5	478	5031	18.5	-3.292809	0.401537	*					
60	5	5031	1933	18.5	-3.292809	0.401537	*					
61	5	1933	1313	11.2	-0.595609	0.408496	*					
62	5	1933	5032	13.2	-2.6972	0.4	*					
63	5	5032	5033	13.2	-2.6972	0.4	*					
64	5	5033	5034	13.2	-2.6972	0.4	*					
65	5	5034	1940	13.2	-2.6972	0.4	*					
66	5	1313	5035	7.9	0.344591	0.385315	*					
67	5	5035	1970	7.9	0.344591	0.385315	*					
68	5	1313	1951	11.1	-0.9402	0.4	*					
69	5	1970	1972	7.9	0.396	0.336537	*					
70	5	1970	5036	7	-0.051409	0.009577	*					
71	5	5036	2784	7	-0.051409	0.009577	*					
72	5	2784	1423	11	-0.601509	0.209069	*					
73	5	2784	2781	11	0.5501	0.227712	*					
74	5	1423	519	11	-0.737409	0.182586	*					
75	5	1423	1421	8.8	0.1359	0.065368	*					
76	5	519	5037	24.700001	-18.725754	0.498681	*					
77	5	5037	5038	24.700001	-18.725754	0.498681	*					
78	5	5038	496	24.700001	-18.725754	0.498681	*					
79	5	519	5039	25.1	17.988344	0.511639	*					
80	5	5039	5040	25.1	17.988344	0.511639	*					
81	5	5040	5041	25.1	17.988344	0.511639	*					
82	5	5041	91	25.1	17.988344	0.511639	*					
83	5	91	5042	33.200001	-13.710703	0.354153	*					
84	5	5042	5043	33.200001	-13.710703	0.354153	*					
85	5	5043	5044	33.200001	-13.710703	0.354153	*					
86	5	5044	124	33.200001	-13.710703	0.354153	*					
87	5	91	5045	36	31.699047	0.443522	*					
88	5	5045	77	36	31.699047	0.443522	*					
89	5	77	5046	13.5	-1.648358	0.339188	*					
90	5	5046	5047	13.5	-1.648358	0.339188	*					
91	5	5047	5048	13.5	-1.648358	0.339188	*					
92	5	5048	5049	13.5	-1.648358	0.339188	*					
93	5	5049	1885	13.5	-1.648358	0.339188	*					
94	5	77	5050	43	33.347404	0.438364	*					
95	5	5050	62	43	33.347404	0.438364	*					
96	5	62	5051	40.299999	33.375916	0.437993	*					
97	5	5051	46	40.299999	33.375916	0.437993	*					
98	5	62	5052	10.3	-0.028512	0.003045	*					
99	5	5052	2800	10.3	-0.028512	0.003045	*					
100	5	2800	2814	5.7	0.073403	0.097225	*					
101	5	2800	2789	5.7	-0.101916	0.070876	*					
102	5	2789	5053	6.3	-0.0078	0.4	*					
103	5	5053	1453	6.3	-0.0078	0.4	*					
104	5	2789	5054	5	-0.094116	0.0436	*					
105	5	5054	1329	5	-0.094116	0.0436	*					
106	5	1329	893	6.5	0.370084	0.490636	*					
107	5	1329	5055	4.5	-0.4642	0.4	*					
108	5	5055	5056	4.5	-0.4642	0.4	*					
109	5	5056	3864	4.5	-0.4642	0.4	*					
110	5	893	5057	8	-0.059016	0	*					
111	5	5057	46	8	-0.059016	0	*					
112	5	893	884	8	0.4291	0.423157	*					
113	5	884	876	8	-0.3758	0.337825	*					
114	5	884	5058	4.8	0.8049	0.383316	*					
115	5	5058	5059	4.8	0.8049	0.383316	*					
116	5	5059	3890	4.8	0.8049	0.383316	*					
117	5	876	5060	8	0.5034	0.446415	*					
118	5	5060	2977	8	0.5034	0.446415	*					
119	5	876	2983	6.8	-0.8792	0.4	*					
120	5	2983	5061	6.9	-0.2912	0.4	*					
121	5	5061	2987	6.9	-0.2912	0.4	*					
122	5	2983	2999	6.9	-0.588	0.4	*					
123	5	2999	5062	6.9	-0.2083	0.4	*					
124	5	5062	3005	6.9	-0.2083	0.4	*					
125	5	2999	5063	6.9	-0.3797	0.4	*					
126	5	5063	5064	6.9	-0.3797	0.4	*					
127	5	5064	5065	6.9	-0.3797	0.4	*					
128	5	5065	3035	6.9	-0.3797	0.4	*					
129	5	2814	5066	8	-0.237497	0.522503	*					
130	5	5066	2860	8	-0.237497	0.522503	*					
131	5	2814	5067	5.7	0.3109	0.422095	*					
132	5	5067	5068	5.7	0.3109	0.422095	*					
133	5	5068	2834	5.7	0.3109	0.422095	*					
134	5	2860	5069	8	0.12436	0.328472	*					
135	5	5069	2874	8	0.12436	0.328472	*					
136	5	2860	2890	8	-0.361857	0.45582	*					
137	5	2890	5070	8	0.221743	0.308909	*					
138	5	5070	5071	8	0.221743	0.308909	*					
139	5	5071	2874	8	0.221743	0.308909	*					
140	5	2890	5072	8	-0.5836	0.4	*					
141	5	5072	5073	8	-0.5836	0.4	*					
142	5	5073	5074	8	-0.5836	0.4	*					
143	5	5074	2926	8	-0.5836	0.4	*					
144	5	2874	2881	8	0.346103	0.315938	*					
145	5	2881	1174	6.5	0.032897	0.008316	*					
146	5	2881	5075	13	0.313206	0.348249	*					
147	5	5075	124	13	0.313206	0.348249	*					
148	5	1174	5076	9	-0.85149	0.147443	*					
149	5	5076	5077	9	-0.85149	0.147443	*					
150	5	5077	5078	9	-0.85149	0.147443	*					
151	5	5078	674	9	-0.85149	0.147443	*					
152	5	1174	5079	26	0.884386	0.142268	*					
153	5	5079	128	26	0.884386	0.142268	*					
154	5	128	134	20	-11.862533	0.37663	*					
155	5	128	126	26	12.746918	0.36037	*					
156	5	126	5080	10	-0.650577	0.235173	*					
157	5	5080	5081	10	-0.650577	0.235173	*					
158	5	5081	1885	10	-0.650577	0.235173	*					
159	5	126	124	26	13.397495	0.354291	*					
160	5	134	5082	20	-10.050875	0.420863	*					
161	5	5082	746	20	-10.050875	0.420863	*					
162	5	134	5083	16	-1.811658	0.131233	*					
163	5	5083	1356	16	-1.811658	0.131233	*					
164	5	1356	3624	16	-4.519357	0.164399	*					
165	5	1356	1352	13	2.7077	0.186589	*					
166	5	3624	5084	13	-1.016125	0.140377	*					
167	5	5084	5085	13	-1.016125	0.140377	*					
168	5	5085	3605	13	-1.016125	0.140377	*					
169	5	3624	5086	10	-3.503232	0.171366	*					
170	5	5086	1230	10	-3.503232	0.171366	*					
171	5	3605	3594	12	-2.439225	0.17064	*					
172	5	3605	3629	12	1.4231	0.192249	*					
173	5	746	5087	15	-8.472447	0.409495	*					
174	5	5087	5088	15	-8.472447	0.409495	*					
175	5	5088	730	15	-8.472447	0.409495	*					
176	5	730	5089	14	-7.387356	0.427032	*					
177	5	5089	712	14	-7.387356	0.427032	*					
178	5	730	5090	9	-1.085091	0.290102	*					
179	5	5090	5091	9	-1.085091	0.290102	*					
180	5	5091	712	9	-1.085091	0.290102	*					
181	5	712	5092	24.799999	-8.472446	0.409495	*					
182	5	5092	5093	24.799999	-8.472446	0.409495	*					
183	5	5093	5094	24.799999	-8.472446	0.409495	*					
184	5	5094	5095	24.799999	-8.472446	0.409495	*					
185	5	5095	2185	24.799999	-8.472446	0.409495	*					
186	5	2185	2180	31.5	-15.075183	0.398571	*					
187	5	2185	5096	26.700001	6.602735	0.384553	*					
188	5	5096	2201	26.700001	6.602735	0.384553	*					
189	5	2201	5097	11.3	1.285424	0.317598	*					
190	5	5097	5098	11.3	1.285424	0.317598	*					
191	5	5098	5099	11.3	1.285424	0.317598	*					
192	5	5099	2293	11.3	1.285424	0.317598	*					
193	5	2201	2202	16.1	5.317311	0.400739	*					
194	5	2202	5100	10.6	1.013511	0.299803	*					
195	5	5100	5101	10.6	1.013511	0.299803	*					
196	5	5101	5102	10.6	1.013511	0.299803	*					
197	5	5102	2293	10.6	1.013511	0.299803	*					
198	5	2202	2206	17.700001	4.3038	0.424509	*					
199	5	2206	5103	12.2	2.4188	0.473558	*					
200	5	5103	5104	12.2	2.4188	0.473558	*					
201	5	5104	5105	12.2	2.4188	0.473558	*					
202	5	5105	2236	12.2	2.4188	0.473558	*					
203	5	2206	3752	19.700001	1.885	0.361568	*					
204	5	2293	5106	11.4	2.298935	0.309753	*					
205	5	5106	5107	11.4	2.298935	0.309753	*					
206	5	5107	5108	11.4	2.298935	0.309753	*					
207	5	5108	5109	11.4	2.298935	0.309753	*					
208	5	5109	1885	11.4	2.298935	0.309753	*					
209	5	2180	5110	31.9	16.022219	0.401345	*					
210	5	5110	562	31.9	16.022219	0.401345	*					
211	5	2180	2176	34.099998	-31.09741	0.4	*					
212	5	562	5111	18.200001	14.33084	0.418538	*					
213	5	5111	5112	18.200001	14.33084	0.418538	*					
214	5	5112	5113	18.200001	14.33084	0.418538	*					
215	5	5113	594	18.200001	14.33084	0.418538	*					
216	5	562	5114	20	1.691379	0.25567	*					
217	5	5114	5115	20	1.691379	0.25567	*					
218	5	5115	5116	20	1.691379	0.25567	*					
219	5	5116	2654	20	1.691379	0.25567	*					
220	5	2654	2479	12.1	1.53788	0.274301	*					
221	5	2654	2672	18.5	0.153501	0.069019	*					
222	5	2491	5117	4.9	-0.268972	0.187796	*					
223	5	5117	2461	4.9	-0.268972	0.187796	*					
224	5	2479	1200	7.6	1.611973	0.262775	*					
225	5	2491	2457	5	0.194878	0.250288	*					
226	5	2457	2444	4.8	0.048868	0.045913	*					
227	5	2457	2458	6.3	0.14601	0.31866	*					
228	5	2458	5118	10.7	0.559323	0.403473	*					
229	5	5118	762	10.7	0.559323	0.403473	*					
230	5	2458	2461	4.7	-0.413313	0.433522	*					
231	5	762	757	10.5	0.197555	0.390699	*					
232	5	762	5119	16	0.361768	0.410448	*					
233	5	5119	772	16	0.361768	0.410448	*					
234	5	772	773	16	3.377288	0.399673	*					
235	5	772	1204	9.6	-3.01552	0.398379	*					
236	5	1204	2415	8.5	-1.950846	0.446695	*					
237	5	1204	1200	8.6	-1.064673	0.3098	*					
238	5	2415	5120	7.6	0.516554	0.223649	*					
239	5	5120	2430	7.6	0.516554	0.223649	*					
240	5	2415	1795	11.5	-2.4674	0.4	*					
241	5	1795	1800	9.5	-1.3796	0.4	*					
242	5	1795	1797	9.6	-1.0878	0.4	*					
243	5	2430	2434	5.5	0.171719	0.125337	*					
244	5	2430	1525	5.7	0.344835	0.272606	*					
245	5	1525	773	6.9	0.29519	0.317835	*					
246	5	1525	2444	5	0.049644	0.003893	*					
247	5	2434	5121	5.5	0.069865	0.075548	*					
248	5	5121	2517	5.5	0.069865	0.075548	*					
249	5	2434	5122	5.6	0.101854	0.159489	*					
250	5	5122	2529	5.6	0.101854	0.159489	*					
251	5	2529	2523	5.5	0.419008	0.056971	*					
252	5	2529	2517	5.5	-0.317154	0.024047	*					
253	5	2523	5123	6	0.273035	0.076122	*					
254	5	5123	631	6	0.273035	0.076122	*					
255	5	2523	5124	5.4	0.145973	0.021149	*					
256	5	5124	2452	5.4	0.145973	0.021149	*					
257	5	2452	5125	8.3	0.244485	0.022602	*					
258	5	5125	757	8.3	0.244485	0.022602	*					
259	5	2452	2444	4.7	-0.098512	0.024753	*					
260	5	631	5126	8	-0.491683	0.258429	*					
261	5	5126	619	8	-0.491683	0.258429	*					
262	5	631	632	13.5	0.764718	0.193339	*					
263	5	632	5127	18	-3.672478	0.393095	*					
264	5	5127	5128	18	-3.672478	0.393095	*					
265	5	5128	5129	18	-3.672478	0.393095	*					
266	5	5129	773	18	-3.672478	0.393095	*					
267	5	632	636	20	4.437196	0.358665	*					
268	5	636	325	20	4.879236	0.343114	*					
269	5	636	5130	8.8	-0.44204	0.187126	*					
270	5	5130	757	8.8	-0.44204	0.187126	*					
271	5	325	5131	36.700001	32.275753	0.418888	*					
272	5	5131	5132	36.700001	32.275753	0.418888	*					
273	5	5132	5133	36.700001	32.275753	0.418888	*					
274	5	5133	360	36.700001	32.275753	0.418888	*					
275	5	325	5134	22	-27.396515	0.432383	*					
276	5	5134	5135	22	-27.396515	0.432383	*					
277	5	5135	303	22	-27.396515	0.432383	*					
278	5	303	5136	9	-2.705715	0.415975	*					
279	5	5136	1112	9	-2.705715	0.415975	*					
280	5	303	300	25	-24.6908	0.434181	*					
281	5	300	858	11	-5.583117	0.312589	*					
282	5	300	293	16	-19.107683	0.46971	*					
283	5	293	1567	11.5	-6.5797	0.4	*					
284	5	293	283	16	-12.527984	0.506321	*					
285	5	283	276	6	-13.754483	0.461212	*					
286	5	283	5137	16	1.2265	0.000443	*					
287	5	5137	1772	16	1.2265	0.000443	*					
288	5	1772	1766	8.4	0.5751	0.000422	*					
289	5	1772	1767	8.3	0.6514	0.000461	*					
290	5	276	273	5.4	7.766516	0.291594	*					
291	5	276	5138	6.5	-21.521	0.4	*					
292	5	5138	2716	6.5	-21.521	0.4	*					
293	5	273	270	6.1	4.633923	0.340791	*					
294	5	273	1884	5.5	3.132594	0.21882	*					
295	5	1396	1718	7.8	0.0351	0	*					
296	5	1884	1390	5	-0.768623	0.126859	*					
297	5	1396	5139	5.8	3.866116	0.202524	*					
298	5	5139	2725	5.8	3.866116	0.202524	*					
299	5	2725	1673	9.8	2.375217	0.262865	*					
300	5	2725	1058	10.4	1.490899	0.106393	*					
301	5	1058	1063	5.7	1.158099	0.126918	*					
302	5	1058	1049	5.6	0.3328	0.034967	*					
303	5	1063	5140	7.2	3.410816	0.226147	*					
304	5	5140	1072	7.2	3.410816	0.226147	*					
305	5	1063	1673	6.3	-2.252717	0.277159	*					
306	5	1073	852	8.4	3.153633	0.244589	*					
307	5	1073	1636	8.3	0.191083	0	*					
308	5	1072	1628	8.2	0.0661	0	*					
309	5	1636	5141	12.6	-0.228916	0.390913	*					
310	5	5141	5142	12.6	-0.228916	0.390913	*					
311	5	5142	833	12.6	-0.228916	0.390913	*					
312	5	1636	1729	9.3	0.42	0.213063	*					
313	5	833	5143	6.2	0.125184	0.416617	*					
314	5	5143	5144	6.2	0.125184	0.416617	*					
315	5	5144	852	6.2	0.125184	0.416617	*					
316	5	833	2569	22	-0.3541	0.4	*					
317	5	852	856	8.9	3.278816	0.251157	*					
318	5	856	858	6.8	4.297716	0.286445	*					
319	5	856	5145	6.6	-1.0189	0.4	*					
320	5	5145	1547	6.6	-1.0189	0.4	*					
321	5	1673	1668	5.8	0.1225	0	*					
322	5	2748	5146	7.5	-0.896923	0.098979	*					
323	5	5146	270	7.5	-0.896923	0.098979	*					
324	5	1390	1816	4.8	0.4162	0.054156	*					
325	5	2748	257	7.3	-0.2879	0.108616	*					
326	5	257	5147	14	-3.737	0.398828	*					
327	5	5147	270	14	-3.737	0.398828	*					
328	5	257	5148	14	3.4491	0.423053	*					
329	5	5148	246	14	3.4491	0.423053	*					
330	5	1816	5149	8.1	0.6603	0.182008	*					
331	5	5149	1806	8.1	0.6603	0.182008	*					
332	5	1816	5150	7.5	-0.2441	0.4	*					
333	5	5150	2760	7.5	-0.2441	0.4	*					
334	5	858	5151	6.5	-1.2854	0.4	*					
335	5	5151	2600	6.5	-1.2854	0.4	*					
336	5	1112	5152	8.2	-0.9305	0.4	*					
337	5	5152	1501	8.2	-0.9305	0.4	*					
338	5	1112	1108	8.8	-1.775215	0.424349	*					
339	5	1108	5153	6.9	-1.198615	0.436061	*					
340	5	5153	2623	6.9	-1.198615	0.436061	*					
341	5	1108	1104	5.3	-0.5766	0.4	*					
342	5	1104	2565	5.1	-0.535	0.4	*					
343	5	1104	5154	4.7	-0.0416	0.4	*					
344	5	5154	2593	4.7	-0.0416	0.4	*					
345	5	2623	2461	4.7	0.682285	0.336647	*					
346	5	2623	5155	4.7	-1.8809	0.4	*					
347	5	5155	2645	4.7	-1.8809	0.4	*					
348	5	360	5156	38.599998	37.449188	0.432097	*					
349	5	5156	5157	38.599998	37.449188	0.432097	*					
350	5	5157	5158	38.599998	37.449188	0.432097	*					
351	5	5158	395	38.599998	37.449188	0.432097	*					
352	5	360	5159	18	-5.173437	0.514501	*					
353	5	5159	5160	18	-5.173437	0.514501	*					
354	5	5160	5161	18	-5.173437	0.514501	*					
355	5	5161	5162	18	-5.173437	0.514501	*					
356	5	5162	619	18	-5.173437	0.514501	*					
357	5	395	5163	37.700001	41.941238	0.436714	*					
358	5	5163	5164	37.700001	41.941238	0.436714	*					
359	5	5164	218	37.700001	41.941238	0.436714	*					
360	5	395	5165	14.4	-4.492052	0.475206	*					
361	5	5165	5166	14.4	-4.492052	0.475206	*					
362	5	5166	5167	14.4	-4.492052	0.475206	*					
363	5	5167	5168	14.4	-4.492052	0.475206	*					
364	5	5168	947	14.4	-4.492052	0.475206	*					
365	5	947	5169	9.1	1.021548	0.069296	*					
366	5	5169	965	9.1	1.021548	0.069296	*					
367	5	947	940	5.2	-5.5136	0.4	*					
368	5	965	3586	6.8	0.064481	0	*					
369	5	965	1408	9.4	0.957067	0.073966	*					
370	5	1408	5170	6.6	0.350361	0.064692	*					
371	5	5170	3594	6.6	0.350361	0.064692	*					
372	5	1408	5171	9.1	0.606706	0.079321	*					
373	5	5171	5172	9.1	0.606706	0.079321	*					
374	5	5172	3200	9.1	0.606706	0.079321	*					
375	5	3200	5173	20.6	7.303906	0.373363	*					
376	5	5173	5174	20.6	7.303906	0.373363	*					
377	5	5174	5175	20.6	7.303906	0.373363	*					
378	5	5175	5176	20.6	7.303906	0.373363	*					
379	5	5176	5177	20.6	7.303906	0.373363	*					
380	5	5177	678	20.6	7.303906	0.373363	*					
381	5	3200	5178	13.8	-6.6972	0.4	*					
382	5	5178	3215	13.8	-6.6972	0.4	*					
383	5	678	5179	25	11.324717	0.40181	*					
384	5	5179	695	25	11.324717	0.40181	*					
385	5	678	674	10.7	-4.02081	0.453484	*					
386	5	695	197	8.2	0.370134	0.072157	*					
387	5	695	1270	19.299999	10.954582	0.412948	*					
388	5	1270	3438	22.299999	16.058596	0.414759	*					
389	5	1270	5180	17.6	-5.104013	0.418645	*					
390	5	5180	5181	17.6	-5.104013	0.418645	*					
391	5	5181	5182	17.6	-5.104013	0.418645	*					
392	5	5182	5183	17.6	-5.104013	0.418645	*					
393	5	5183	3496	17.6	-5.104013	0.418645	*					
394	5	3496	5184	7	0.289186	0.070922	*					
395	5	5184	5185	7	0.289186	0.070922	*					
396	5	5185	5186	7	0.289186	0.070922	*					
397	5	5186	1544	7	0.289186	0.070922	*					
398	5	3496	3492	15.9	-5.3932	0.4	*					
399	5	1544	5187	5.2	-0.184964	0.14907	*					
400	5	5187	3370	5.2	-0.184964	0.14907	*					
401	5	1544	822	7.4	0.47415	0.101407	*					
402	5	822	5188	9	-0.827036	0.45612	*					
403	5	5188	5189	9	-0.827036	0.45612	*					
404	5	5189	3370	9	-0.827036	0.45612	*					
405	5	3370	5190	7	-1.012	0.4	*					
406	5	5190	1735	7	-1.012	0.4	*					
407	5	3438	5191	28.200001	14.289509	0.431391	*					
408	5	5191	217	28.200001	14.289509	0.431391	*					
409	5	3438	5192	13	1.769086	0.280417	*					
410	5	5192	5193	13	1.769086	0.280417	*					
411	5	5193	5194	13	1.769086	0.280417	*					
412	5	5194	5195	13	1.769086	0.280417	*					
413	5	5195	1685	13	1.769086	0.280417	*					
414	5	1685	5196	31.799999	5.659757	0.369557	*					
415	5	5196	5197	31.799999	5.659757	0.369557	*					
416	5	5197	5198	31.799999	5.659757	0.369557	*					
417	5	5198	5199	31.799999	5.659757	0.369557	*					
418	5	5199	3349	31.799999	5.659757	0.369557	*					
419	5	1685	5200	25	-3.89067	0.410089	*					
420	5	5200	5201	25	-3.89067	0.410089	*					
421	5	5201	5202	25	-3.89067	0.410089	*					
422	5	5202	5203	25	-3.89067	0.410089	*					
423	5	5203	5204	25	-3.89067	0.410089	*					
424	5	5204	5205	25	-3.89067	0.410089	*					
425	5	5205	3274	25	-3.89067	0.410089	*					
426	5	3274	5206	7	0.029334	0	*					
427	5	5206	5207	7	0.029334	0	*					
428	5	5207	5208	7	0.029334	0	*					
429	5	5208	5209	7	0.029334	0	*					
430	5	5209	3343	7	0.029334	0	*					
431	5	3274	5210	16	-3.920004	0.40702	*					
432	5	5210	5211	16	-3.920004	0.40702	*					
433	5	5211	3301	16	-3.920004	0.40702	*					
434	5	3301	5212	4.7	0.068796	0	*					
435	5	5212	5213	4.7	0.068796	0	*					
436	5	5213	3343	4.7	0.068796	0	*					
437	5	3301	3299	18	-3.9888	0.4	*					
438	5	3343	5214	7.8	0.09813	0	*					
439	5	5214	5215	7.8	0.09813	0	*					
440	5	5215	239	7.8	0.09813	0	*					
441	5	239	5216	52.799999	105.501045	0.415427	*					
442	5	5216	3349	52.799999	105.501045	0.415427	*					
443	5	227	223	59.299999	-87.488686	0.416713	*					
444	5	227	5217	37.099998	-15.363639	0.419154	*					
445	5	5217	217	37.099998	-15.363639	0.419154	*					
446	5	223	218	53.200001	-42.222187	0.43463	*					
447	5	223	5218	39.400002	-45.266502	0.4	*					
448	5	5218	929	39.400002	-45.266502	0.4	*					
449	5	929	5219	28.4	-43.267601	0.4	*					
450	5	5219	5220	28.4	-43.267601	0.4	*					
451	5	5220	5221	28.4	-43.267601	0.4	*					
452	5	5221	905	28.4	-43.267601	0.4	*					
453	5	929	5222	12.4	-1.9989	0.4	*					
454	5	5222	1302	12.4	-1.9989	0.4	*					
455	5	3349	5223	52.799999	111.160797	0.413092	*					
456	5	5223	3525	52.799999	111.160797	0.413092	*					
457	5	217	5224	15.1	-1.074129	0.256362	*					
458	5	5224	5225	15.1	-1.074129	0.256362	*					
459	5	5225	197	15.1	-1.074129	0.256362	*					
460	5	197	187	9.1	-0.703995	0.353209	*					
461	5	187	5226	8.5	-0.314585	0.301876	*					
462	5	5226	5227	8.5	-0.314585	0.301876	*					
463	5	5227	1728	8.5	-0.314585	0.301876	*					
464	5	187	1651	6.9	-0.38941	0.394678	*					
465	5	1651	5228	6.3	-0.03781	0.345192	*					
466	5	5228	1152	6.3	-0.03781	0.345192	*					
467	5	1651	1649	5.5	-0.3516	0.4	*					
468	5	1152	3586	5.9	0.04289	0.448317	*					
469	5	1152	5229	5.3	-0.0807	0.4	*					
470	5	5229	1135	5.3	-0.0807	0.4	*					
471	5	1728	166	8.6	-0.49752	0.253781	*					
472	5	1728	5230	8.9	0.182935	0.171072	*					
473	5	5230	1031	8.9	0.182935	0.171072	*					
474	5	166	5231	8.3	0.173576	0.089231	*					
475	5	5231	967	8.3	0.173576	0.089231	*					
476	5	166	5232	9	-0.671096	0.21122	*					
477	5	5232	155	9	-0.671096	0.21122	*					
478	5	155	5233	9	0.006377	0	*					
479	5	5233	5234	9	0.006377	0	*					
480	5	5234	2375	9	0.006377	0	*					
481	5	155	1470	7.8	-0.677472	0.209233	*					
482	5	1470	1467	5.5	-2.2559	0.4	*					
483	5	1467	1612	9	-1.27	0.4	*					
484	5	1467	1458	9	-0.9859	0.4	*					
485	5	2375	5235	25	13.276301	0.370359	*					
486	5	5235	1896	25	13.276301	0.370359	*					
487	5	2375	5236	23.700001	-13.269925	0.370537	*					
488	5	5236	2396	23.700001	-13.269925	0.370537	*					
489	5	2396	1340	20.799999	-5.877502	0.337852	*					
490	5	2396	5237	22.1	-7.392423	0.396523	*					
491	5	5237	5238	22.1	-7.392423	0.396523	*					
492	5	5238	594	22.1	-7.392423	0.396523	*					
493	5	1896	2362	23.9	12.1259	0.384302	*					
494	5	1896	5239	10.5	1.150401	0.223388	*					
495	5	5239	5240	10.5	1.150401	0.223388	*					
496	5	5240	1249	10.5	1.150401	0.223388	*					
497	5	967	5241	7	0.280946	0.123564	*					
498	5	5241	5242	7	0.280946	0.123564	*					
499	5	5242	5243	7	0.280946	0.123564	*					
500	5	5243	5244	7	0.280946	0.123564	*					
501	5	5244	218	7	0.280946	0.123564	*					
502	5	967	3586	6.3	-0.10737	0.179061	*					
503	5	619	611	16.700001	-5.66512	0.492276	*					
504	5	611	5245	13.8	1.026008	0.26859	*					
505	5	5245	1039	13.8	1.026008	0.26859	*					
506	5	611	5246	15.1	-6.691128	0.457976	*					
507	5	5246	598	15.1	-6.691128	0.457976	*					
508	5	598	594	16.200001	-6.938417	0.441992	*					
509	5	598	5247	9.4	0.247289	0.009497	*					
510	5	5247	5248	9.4	0.247289	0.009497	*					
511	5	5248	2517	9.4	0.247289	0.009497	*					
512	5	1039	1031	10.5	0.414039	0.245967	*					
513	5	1039	1545	11.5	0.61197	0.283896	*					
514	5	1200	1195	7.7	0.5473	0.171345	*					
515	5	1195	2409	5.1	0.0357	0	*					
516	5	1195	1189	7.7	0.5116	0.183302	*					
517	5	674	5249	9	-4.8723	0.4	*					
518	5	5249	5250	9	-4.8723	0.4	*					
519	5	5250	5251	9	-4.8723	0.4	*					
520	5	5251	640	9	-4.8723	0.4	*					
521	5	46	5252	43	33.316902	0.438768	*					
522	5	5252	5253	43	33.316902	0.438768	*					
523	5	5253	20	43	33.316902	0.438768	*					
524	5	20	5254	45	-39.115597	0.4	*					
525	5	5254	5255	45	-39.115597	0.4	*					
526	5	5255	5256	45	-39.115597	0.4	*					
527	5	5256	5257	45	-39.115597	0.4	*					
528	5	5257	1823	45	-39.115597	0.4	*					
529	5	20	5258	43	72.432503	0.417832	*					
530	5	5258	5259	43	72.432503	0.417832	*					
531	5	5259	5260	43	72.432503	0.417832	*					
532	5	5260	5261	43	72.432503	0.417832	*					
533	5	5261	5262	43	72.432503	0.417832	*					
534	5	5262	3058	43	72.432503	0.417832	*					
535	5	1823	5263	28	-34.2575	0.4	*					
536	5	5263	2947	28	-34.2575	0.4	*					
537	5	1823	5264	35	-4.858099	0.4	*					
538	5	5264	2949	35	-4.858099	0.4	*					
539	5	496	5265	12	5.5609	0.468466	*					
540	5	5265	2169	12	5.5609	0.468466	*					
541	5	1680	5266	8.4	4.6681	0.341727	*					
542	5	5266	5267	8.4	4.6681	0.341727	*					
543	5	5267	1916	8.4	4.6681	0.341727	*					
544	5	1680	5268	7.3	-0.9728	0.4	*					
545	5	5268	1980	7.3	-0.9728	0.4	*					
546	5	1230	5269	11	-1.11361	0.273375	*					
547	5	5269	3651	11	-1.11361	0.273375	*					
548	5	3651	1340	10.8	-1.784149	0.265343	*					
549	5	3651	5270	8	0.670539	0.252004	*					
550	5	5270	1545	8	0.670539	0.252004	*					
551	5	3750	5271	12	-37.614399	0.4	*					
552	5	5271	5272	12	-37.614399	0.4	*					
553	5	5272	5273	12	-37.614399	0.4	*					
554	5	5273	5274	12	-37.614399	0.4	*					
555	5	5274	5275	12	-37.614399	0.4	*					
556	5	5275	5276	12	-37.614399	0.4	*					
557	5	5276	5277	12	-37.614399	0.4	*					
558	5	5277	5278	12	-37.614399	0.4	*					
559	5	5278	3841	12	-37.614399	0.4	*					
560	5	3750	5279	12	-1.1379	0.4	*					
561	5	5279	5280	12	-1.1379	0.4	*					
562	5	5280	3779	12	-1.1379	0.4	*					
563	5	746	5281	9.5	-1.578428	0.481879	*					
564	5	5281	5282	9.5	-1.578428	0.481879	*					
565	5	5282	1470	9.5	-1.578428	0.481879	*					
566	5	229	5283	10.7	-1.301186	0.326863	*					
567	5	5283	5284	10.7	-1.301186	0.326863	*					
568	5	5284	822	10.7	-1.301186	0.326863	*					
569	5	228	227	27.4	-102.852325	0.417077	*					
570	5	239	5285	45.299999	-105.402908	0.415814	*					
571	5	5285	229	45.299999	-105.402908	0.415814	*					
572	5	3541	228	10.7	1.2494	0.404462	*					
573	5	3549	5286	17.799999	2.4119	0.4	*					
574	5	5286	3541	17.799999	2.4119	0.4	*					
575	5	3541	5287	10.7	1.1625	0.395204	*					
576	5	5287	3940	10.7	1.1625	0.395204	*					
577	5	228	229	45.299999	104.101723	0.416926	*					
578	5	1390	2748	7.3	-1.184823	0.10132	*					
579	5	1396	1884	5	-3.901216	0.200702	*					
580	5	1073	1072	7.2	-3.344716	0.230616	*					
581	5	2479	2491	4.9	-0.074095	0.021854	*					
582	5	1249	1680	7.3	3.6953	0.326387	*					
533 number of nodes												
Name	x	y	z									
1	468.872009	547.151978	14.18054	*								
2	422.681	563.14801	70.187401	*								
13	463.002991	543.104004	24.441999	*								
20	915.690002	281.983002	73.5	*								
46	797.651978	192.162994	108.125999	*								
62	763.53302	265.380981	107.268898	*								
77	690.320007	273.943695	108.652	*								
91	671.604004	208.160004	126.144997	*								
124	572.116943	309.137512	117.5	*								
126	570.337524	317.659485	111.231003	*								
128	570.508972	326.219208	103.6894	*								
134	542.627197	343.077515	99.516602	*								
155	500.432983	408.914185	111.745003	*								
166	525.728394	460.394989	124.153999	*								
187	649.098022	519.005005	102.622002	*								
197	692.189026	547.109009	108.380997	*								
217	737.072998	639.205994	102.308502	*								
218	726.692993	663.156982	95.166901	*								
223	745.686035	685.812012	89.737198	*								
227	768.051025	691.103027	84.144699	*								
228	773.98999	693.653992	82.207703	*								
229	781.968323	687.648438	81.679047	*								
239	836.646973	709.140991	67.151398	*								
246	359.149994	801.203979	68.7491	*								
257	347.203979	735.280029	65.753204	*								
270	298.208008	701.546997	77.233398	*								
273	280.441986	701.348999	75.166603	*								
276	266.686005	689.224976	73.904198	*								
283	253.158997	654.214966	62.566101	*								
293	205.253998	651.196045	76.696098	*								
300	174.959015	638.615967	65.416702	*								
303	165.437012	624.065002	68.036896	*								
325	270.678009	590.667969	112.230003	*								
360	442.901001	670.570007	93.6418	*								
395	623.8479	698.174988	103.810303	*								
457	369.838989	95.850006	93.532204	*								
465	406.968018	116.544998	85.080597	*								
478	455.688995	80.552002	115.267998	*								
496	554.195313	80.087006	115.356003	*								
519	685.174011	68.696991	116.445	*								
562	88.791992	375.320587	69.069595	*								
594	270.130005	408.462799	86.444801	*								
598	261.864014	427.930603	99.005898	*								
611	314.492004	468.035004	100.749496	*								
619	306.635986	509.744019	97.292099	*								
631	259.872986	553.822021	79.881203	*								
632	256.057007	557.580017	88.348999	*								
636	261.36499	572.627991	103.770103	*								
640	962.648987	421.001404	80.117104	*								
674	782.765991	426.234894	89.1754	*								
678	746.872009	428.520203	93.287903	*								
695	726.661011	519.643005	101.242203	*								
712	251.056	321.207703	91.348198	*								
730	345.520996	330.560394	101.325996	*								
746	453.475006	338.989502	108.578003	*								
757	175.765991	560.414001	68.690102	*								
762	147.467987	558.794006	70.471199	*								
772	99.914001	521.369019	79.428101	*								
773	105.687012	515.535034	79.324501	*								
822	800.811035	610.813965	91.335098	*								
833	21.822021	675.557983	87.7967	*								
852	127.246002	693.287964	78.976799	*								
856	141.411987	680.309998	74.976601	*								
858	145.729004	675.596985	66.652603	*								
876	829.865967	79.475006	114.496002	*								
884	857.532959	120.059998	115.195	*								
893	856.546021	165.962997	115.452003	*								
905	557.051819	797.775024	122.987999	*								
929	700.153992	733.957031	90.929497	*								
940	440.911987	547.016968	119.838997	*								
947	475.229095	557.166016	108.718002	*								
965	561.125854	546.547974	95.775597	*								
967	573.302368	540.328979	126.300003	*								
1027	418.442993	498.395996	82.604202	*								
1031	412.906006	488.557983	103.421204	*								
1039	369.938995	472.95401	103.252602	*								
1049	162.78299	797.483032	56.9636	*								
1058	199.778992	761.849976	50.2393	*								
1063	187.602997	744.22699	55.25	*								
1072	151.852875	727.867798	87.887634	*								
1073	143.960999	721.843018	86.696198	*								
1086	481.753784	447.54361	69.3955	*								
1093	500.266418	470.968994	68.796402	*								
1104	42.034973	629.763	61.518799	*								
1108	57.594971	622.031982	58.895199	*								
1112	73.432007	620.511963	77.199097	*								
1135	654.65332	643.077026	70.126602	*								
1152	601.407288	567.453979	96.901497	*								
1174	617.237793	349.850098	104.891296	*								
1189	9.47699	572.544983	96.477402	*								
1195	20.911987	548.643005	71.8405	*								
1200	47.424011	534.179993	67.690201	*								
1204	58.556	512.327026	70.930695	*								
1230	457.53299	368.823853	38.870701	*								
1249	437.606018	135.233994	128.778	*								
1270	734.252991	527.127014	97.010002	*								
1302	738.158813	768.007507	84.695061	*								
1313	519.82782	20.078003	112.364998	*								
1329	869.841003	183.610001	113.616997	*								
1340	392.182983	376.164703	100.696098	*								
1352	516.756592	375.179688	23.9673	*								
1356	522.880676	369.572754	51.624001	*								
1390	297.376007	742.146973	65.114304	*								
1396	266.450012	731.966003	86.323898	*								
1408	545.151184	527.393005	79.628899	*								
1421	696.736023	2.335999	118.802002	*								
1423	701.575989	18.69101	116.744003	*								
1453	976.690002	255.238007	119.722	*								
1458	446.929016	407.239105	106.693001	*								
1467	487.21579	416.999908	89.437599	*								
1470	493.642609	408.522217	101.862602	*								
1501	50.906006	571.033997	89.951797	*								
1525	115.868988	502.033997	49.602798	*								
1535	233.747986	63.171997	119.504997	*								
1544	835.743042	604.151978	99.909599	*								
1545	404.981018	438.04599	96.279701	*								
1547	170.70401	695.195007	122.978996	*								
1567	212.897003	647.390015	129.251999	*								
1583	388.61499	375.350403	89.130096	*								
1612	492.483307	401.122406	47.117199	*								
1628	154.678009	740.958008	126.348999	*								
1636	135.734009	726.742004	69.053497	*								
1649	706.263	493.363007	70.392395	*								
1651	676.445984	512.705994	87.031097	*								
1668	204.770996	747.035034	86.785301	*								
1673	194.266998	743.13501	64.243103	*								
1680	439.116638	125.503799	130.521927	*								
1685	807.322327	582.702148	64.90036	*								
1718	262.785004	739.217041	119.682999	*								
1728	500.814789	482.03299	125.844002	*								
1729	150.561005	729.122009	40.415699	*								
1735	980.80603	620.708008	92.871803	*								
1766	302.705994	635.192993	23.9935	*								
1767	306.738007	643.204956	93.283501	*								
1772	306.774994	642.372986	63.021702	*								
1795	45.653992	481.617004	88.957497	*								
1797	68.503998	465.537994	113.323997	*								
1800	8.085999	507.227997	75.9021	*								
1806	311.950989	796.231995	113.43	*								
1816	306.427002	790.47699	56.934299	*								
1823	891.432007	54.178009	86.970398	*								
1884	274.061188	728.503174	80.839455	*								
1885	481.648102	284.476685	129.212006	*								
1896	430.307007	251.311996	119.869003	*								
1916	419.984985	17.170013	129.261002	*								
1933	495.075806	38.027008	116.219002	*								
1940	472.984985	1.795013	119.705002	*								
1951	526.0578	2.903015	113.662003	*								
1970	619.926392	7.799988	112.991997	*								
1972	635.1745	3.130005	113.142998	*								
1980	466.661011	179.649002	141.494995	*								
2004	263.989014	57.011993	78.288399	*								
2024	360.059021	3.580994	93.398399	*								
2027	217.093994	2.902008	126.366997	*								
2047	155.484985	44.167999	73.805801	*								
2052	123.235992	3.712006	73.550301	*								
2067	45.317993	34.388	74.030296	*								
2079	5.30603	7.238007	76.838097	*								
2096	5.870972	93.127014	80.026802	*								
2127	385.088989	348.497314	33.8176	*								
2169	570.447754	3.609009	126.217003	*								
2176	5.129028	354.562042	67.752998	*								
2180	11.97699	352.642456	67.386299	*								
2185	25.487	303.612091	66.708199	*								
2201	85.937012	249.873993	78.736702	*								
2202	92.615997	245.436005	78.973297	*								
2206	109.703003	221.233994	74.576599	*								
2236	6.273987	113.727997	79.028099	*								
2293	259.561005	274.675415	80.139702	*								
2362	429.966003	241.882996	87.281601	*								
2375	423.949005	302.649811	130.729004	*								
2396	386.041992	377.647491	122.954002	*								
2409	4.075989	550.044006	82.848198	*								
2415	45.762024	481.505981	74.6633	*								
2430	137.561005	475.156006	50.241199	*								
2434	158.789001	457.880096	48.811199	*								
2444	119.777008	511.76001	31.654499	*								
2452	151.462006	525.042969	33.5616	*								
2457	100.907013	530.464966	33.578598	*								
2458	98.571991	553.596008	35.867699	*								
2461	79.044006	568.051025	21.868	*								
2479	51.869019	533.932007	46.537701	*								
2491	60.303925	537.324463	42.373116	*								
2517	221.863007	475.005005	32.248299	*								
2523	218.470001	512.276001	34.3438	*								
2529	219.622986	506.509003	33.1908	*								
2565	5.809998	624.23999	50.009602	*								
2569	5.817017	659.859985	92.6101	*								
2593	7.013	718.960999	41.341801	*								
2600	151.390015	696.52301	11.06781	*								
2623	79.126007	589.697998	20.535301	*								
2645	146.994995	588.182007	8.105061	*								
2654	25.984985	537.880005	15.137671	*								
2672	3.97699	569.988037	10.82434	*								
2716	213.825012	718.407959	20.9011	*								
2725	214.777008	748.109009	62.099602	*								
2748	304.553101	735.422241	66.921753	*								
2760	256.69101	780.785034	8.33342	*								
2781	709.27301	3.210999	110.242996	*								
2784	704.898987	8.967987	109.164001	*								
2789	872.842041	263.959595	113.393997	*								
2800	852.94104	275.455688	112.667	*								
2814	872.296021	298.02359	113.864998	*								
2834	983.089966	300.168213	109.876999	*								
2860	781.014038	338.314087	113	*								
2874	683.533997	332.777588	104.890503	*								
2881	641.506287	329.095398	117.414001	*								
2890	807.072021	347.7883	105.726097	*								
2926	983.101013	328.987488	89.993698	*								
2947	876.636963	1.932007	79.794899	*								
2949	920.56897	2.056	79.757202	*								
2977	798.544006	1.813995	112.651001	*								
2983	807.158997	76.411987	108.095001	*								
2987	737.896973	101.175995	109.834999	*								
2999	799.434021	44.934998	108.315002	*								
3005	743.327026	52.196014	103.665001	*								
3035	979.084961	24.459991	103.079803	*								
3058	981.313965	541.485962	14.493179	*								
3200	623.072205	532.46698	28.6187	*								
3215	634.862305	611.370972	27.3344	*								
3274	863.677979	475.171997	47.014	*								
3299	982.410034	566.47699	63.320202	*								
3301	972.328003	560.051025	63.437599	*								
3343	927.697021	695.117004	60.7243	*								
3349	874.187744	749.183228	17.287376	*								
3370	902.43396	621.515015	85.732399	*								
3438	732.863037	548.424011	97.516998	*								
3492	979.575989	540.862	87.505699	*								
3496	971.208008	541.807983	84.616501	*								
3525	871.761963	803.700012	33.896599	*								
3541	766.77301	723.771973	110.386002	*								
3549	729.539978	802.964966	116.117996	*								
3586	573.139404	544.26001	107.573997	*								
3594	519.387573	469.335999	58.638302	*								
3605	529.839722	443.047607	51.755001	*								
3624	522.21228	374.951202	51.041698	*								
3629	524.791809	430.725311	17.6894	*								
3651	401.786011	383.210114	96.599998	*								
3738	354.960999	380.229309	38.115997	*								
3750	316.458008	405.74881	34.348301	*								
3752	117.854004	210.897995	24.6392	*								
3779	219.503998	345.443115	20.849499	*								
3841	439.471008	801.483032	39.3232	*								
3864	979.377014	145.401993	114.119003	*								
3890	980.01001	110.955002	116.426003	*								
3940	744.578918	762.32135	87.106972	*								
5001	426.765015	506.799011	25.5203	*								
5002	409.268005	498.313995	61.488098	*								
5003	430.325989	557.638	62.887001	*								
5004	472.309296	497.287994	73.044601	*								
5005	437.867004	446.930695	97.645599	*								
5006	443.165009	412.729004	73.326401	*								
5007	403.957001	382.935699	84.951797	*								
5008	363.088989	377.109497	43.938499	*								
5009	437.322021	362.165741	28.4084	*								
5010	365.26001	306.06369	34.645302	*								
5011	338.333008	259.074005	42.1539	*								
5012	294.881012	228.746002	49.287998	*								
5013	258.622986	226.052002	80.637398	*								
5014	246.774994	185.533005	100.4674	*								
5015	243.167999	136.774002	115.414001	*								
5016	226.410004	90.842987	115.628998	*								
5017	257.622009	87.300995	92.946503	*								
5018	291.088013	117.563995	96.298401	*								
5019	336.848022	128.962006	115.400002	*								
5020	216.843994	14.752014	126.367996	*								
5021	327.427979	73.751007	101.3004	*								
5022	279.821014	65.718994	81.501099	*								
5023	273.973999	13.384003	91.627403	*								
5024	324.917999	10.054993	93.361298	*								
5025	208.053009	57.463989	76.809799	*								
5026	101.151001	41.709991	73.516998	*								
5027	16.224976	77.71701	79.382004	*								
5028	434.014008	134.561996	123.886002	*								
5029	439.283997	84.424988	111.380997	*								
5030	508.156311	87.151001	114.866997	*								
5031	490.798096	41.664001	116.209	*								
5032	443.593018	30.740997	114.130997	*								
5033	397.085999	18.903015	113.418999	*								
5034	444.488007	5.721985	119.083	*								
5035	572.143311	14.851013	113.008003	*								
5036	669.733032	22.569	104.085503	*								
5037	633.616272	70.915009	120.771004	*								
5038	581.408997	77.700989	120.119003	*								
5039	717.822021	107.059006	113.474998	*								
5040	696.757996	144.921005	125.732002	*								
5041	681.90802	188.886993	126.023003	*								
5042	625.459106	212.436996	122.514999	*								
5043	583.65979	238.919006	113.000999	*								
5044	564.301453	282.7229	125.328003	*								
5045	684.463013	257.628998	125.279999	*								
5046	643.464905	285.414795	125.796997	*								
5047	595.258423	285.574005	135.981995	*								
5048	541.184021	285.837708	132.505997	*								
5049	487.261108	284.252289	129.47699	*								
5050	735.614014	285.216797	114.375	*								
5051	775.516968	216.300003	113.654999	*								
5052	816.042969	273.657196	113.116997	*								
5053	925.893005	262.278198	113.781998	*								
5054	872.200012	212.093002	116.233002	*								
5055	921.22699	166.621002	111.996002	*								
5056	973.540039	147.477997	113.610001	*								
5057	806.289001	185.475998	109.258003	*								
5058	912.875	121.240005	116.332001	*								
5059	963.665039	111.725998	116.377998	*								
5060	812.932007	32.865997	117.286003	*								
5061	755.044983	94.47699	109.156998	*								
5062	749.263	50.406006	104.059402	*								
5063	853.334961	37.292999	106.680496	*								
5064	903.803955	25.277008	103.860901	*								
5065	955.612	24.544006	103.1259	*								
5066	823.755981	317.248413	113.195	*								
5067	922.734985	307.735596	110.239998	*								
5068	977.041992	300.905609	109.806999	*								
5069	730.719971	336.458801	110.324997	*								
5070	756.989014	343.646393	90.419701	*								
5071	704.113037	340.549591	89.974403	*								
5072	858.330994	345.940002	90.743599	*								
5073	911.734985	339.359711	89.6399	*								
5074	965.208984	331.215912	89.583	*								
5075	591.952087	317.12619	112.530998	*								
5076	668.682007	355.657715	110.209999	*								
5077	716.234985	369.613861	109.295998	*								
5078	750.572021	405.77121	98.518997	*								
5079	574.043274	328.39151	100.376503	*								
5080	536.071472	293.605499	91.162697	*								
5081	498.172302	273.368195	103.351898	*								
5082	493.759491	338.062012	115.360001	*								
5083	523.367676	364.323639	55.380299	*								
5084	559.109375	410.587494	51.2505	*								
5085	533.884277	439.707214	53.0033	*								
5086	468.882996	369.261169	40.0825	*								
5087	402.697021	337.193207	106.051598	*								
5088	351.529999	332.22049	100.2957	*								
5089	292.063995	333.457611	96.301804	*								
5090	306.528015	298.016296	98.775299	*								
5091	256.346008	311.687012	95.252602	*								
5092	201.571991	327.270203	82.863403	*								
5093	149.713013	321.389893	71.310699	*								
5094	97.681	316.333984	66.737999	*								
5095	46.484985	310.021698	66.726601	*								
5096	51.702026	262.000488	69.1045	*								
5097	133.075989	276.391907	80.096802	*								
5098	186.117004	277.653503	80.070503	*								
5099	239.511993	277.203003	80.1745	*								
5100	144.582001	256.76001	80.120399	*								
5101	196.153992	255.856003	80.094803	*								
5102	248.665009	268.881805	80.067299	*								
5103	98.718994	169.546997	77.367897	*								
5104	92.015991	116.854004	77.210602	*								
5105	47.617981	112.953995	76.646797	*								
5106	310.737	278.433502	95.285698	*								
5107	363.187012	282.64209	108.013	*								
5108	414.828003	289.136902	114.495003	*								
5109	464.888	285.658081	128.399994	*								
5110	63.627014	362.248199	72.811203	*								
5111	141.519012	379.589111	72.928101	*								
5112	194.119995	386.851593	80.695503	*								
5113	246.596008	391.897797	84.119003	*								
5114	60.377991	415.739594	47.780499	*								
5115	45.796021	462.035004	28.141899	*								
5116	32.635986	514.862	18.245201	*								
5117	74.498993	566.083008	20.3155	*								
5118	142.753998	560.031006	67.212997	*								
5119	102.92099	527.237	79.552002	*								
5120	85.035004	462.992981	50.076801	*								
5121	205.170013	461.290009	39.2472	*								
5122	189.841003	492.882019	29.047001	*								
5123	249.247986	546.200012	54.331902	*								
5124	167.388	518.877991	34.009399	*								
5125	175.958008	558.114014	57.259499	*								
5126	296.799988	519.28302	85.982498	*								
5127	219.691986	521.837036	94.560402	*								
5128	171.627991	509.89801	87.3395	*								
5129	119.080994	509.447998	85.454803	*								
5130	215.192993	561.05603	92.951897	*								
5131	314.731018	600.328003	91.556297	*								
5132	362.65802	615.009033	96.019699	*								
5133	404.054993	647.846008	94.416199	*								
5134	225.79599	605.984985	95.009499	*								
5135	178.687988	613.299011	82.295601	*								
5136	125.36499	610.27301	86.959702	*								
5137	302.407013	644.77002	62.469398	*								
5138	230.216003	711.874023	47.103001	*								
5139	227.710999	748.570007	63.4562	*								
5140	147.757996	725.294006	83.246803	*								
5141	83.496002	721.134033	77.540604	*								
5142	40.992981	697.730957	92.072403	*								
5143	60.303986	700.911011	61.255901	*								
5144	111.033997	698.113037	74.086601	*								
5145	167.73999	693.843018	118.009003	*								
5146	300.17099	710.252991	67.824203	*								
5147	319.476013	699.968994	85.223099	*								
5148	362.042999	784.567993	65.372604	*								
5149	311.631012	795.593018	107.712997	*								
5150	269.053986	787.062988	19.440899	*								
5151	150.213013	694.639038	16.46372	*								
5152	53.898987	582.740967	89.237602	*								
5153	69.602997	604.455994	20.684799	*								
5154	25.353027	674.408997	58.1008	*								
5155	126.266998	613.598022	11.23201	*								
5156	495.354095	685.063965	94.555	*								
5157	541.135925	705.177002	98.710098	*								
5158	587.542114	715.19397	95.892899	*								
5159	415.75	626.872986	78.478897	*								
5160	384.359009	584.624023	78.145798	*								
5161	346.893982	547.487	91.644699	*								
5162	310.572998	513.30603	98.835602	*								
5163	667.770386	678.065002	100.414299	*								
5164	716.150024	663.179993	91.994499	*								
5165	594.502808	653.547974	112.295998	*								
5166	561.864075	611.755005	120.355003	*								
5167	520.128113	581.307007	114.445999	*								
5168	475.331696	560.963013	108.639999	*								
5169	525.147583	558.348999	95.044601	*								
5170	527.884094	483.140991	62.439499	*								
5171	568.75708	515.708984	38.8335	*								
5172	614.270325	525.630981	27.321301	*								
5173	643.555786	488.684021	49.108601	*								
5174	634.959717	453.477295	73.647301	*								
5175	609.759277	439.582214	96.040199	*								
5176	661.065002	426.402191	96.289497	*								
5177	706.854004	409.096313	95.369904	*								
5178	633.9104	586.714966	27.374399	*								
5179	727.666016	473.679016	97.016098	*								
5180	785.617981	528.296021	92.371597	*								
5181	839.567017	527.035034	90.496201	*								
5182	893.013	537.531982	89.507004	*								
5183	945.577026	544.356995	83.3927	*								
5184	923.89801	528.948975	80.898499	*								
5185	872.80603	535.447998	80.687103	*								
5186	826.105957	554.115967	92.016899	*								
5187	886.004028	614.783997	89.3517	*								
5188	841.989014	638.188965	89.709099	*								
5189	893.369995	635.822998	82.210098	*								
5190	957.192993	618.906006	89.943001	*								
5191	735.916992	603.161987	102.5933	*								
5192	756.596008	524.528015	74.556396	*								
5193	793.098022	490.307007	66.655899	*								
5194	827.131958	515.344971	37.634701	*								
5195	820.401001	560.40802	31.664801	*								
5196	829.329529	628.289856	66.365837	*								
5197	856.536682	672.744751	64.138428	*								
5198	883.761292	715.442932	47.214878	*								
5199	888.487671	757.210266	21.269363	*								
5200	788.638	536.945984	60.994499	*								
5201	774.380981	489.38501	55.379799	*								
5202	781.281982	444.578308	35.801003	*								
5203	786.926025	389.507996	33.9067	*								
5204	815.26001	390.331207	28.5683	*								
5205	839.164001	436.063599	42.415401	*								
5206	885.587036	524.531006	49.6423	*								
5207	902.078979	575.596985	46.9902	*								
5208	914.867004	629.879028	44.437	*								
5209	923.106995	682.916992	43.901199	*								
5210	902.640991	479.069	70.554298	*								
5211	939.462036	520.499023	63.8913	*								
5212	963.480957	609.958984	62.722301	*								
5213	953.880005	663.026001	65.590302	*								
5214	901.539001	729.877014	73.584297	*								
5215	851.924011	712.424988	74.069801	*								
5216	868.098999	736.686035	36.973801	*								
5217	747.687988	648.960999	101.9422	*								
5218	707.721008	724.497009	91.414497	*								
5219	653.813782	752.630005	101.171097	*								
5220	609.9823	777.10498	109.307999	*								
5221	563.690613	794.403015	114.207001	*								
5222	734.072021	766.749023	81.285004	*								
5223	871.843018	797.927979	32.6721	*								
5224	707.291016	602.905029	99.514999	*								
5225	694.999023	551.872986	106.831596	*								
5226	603.624878	508.552979	108.537003	*								
5227	553.389709	493.904999	115.734001	*								
5228	645.820313	550.539001	97.931999	*								
5229	628.598572	611.846985	88.466698	*								
5230	448.807983	491.505005	122.615997	*								
5231	563.55896	492.031982	121.233002	*								
5232	504.786804	417.601288	113.419998	*								
5233	486.70871	365.308136	125.244003	*								
5234	447.873993	336.225098	126.675003	*								
5235	430.731995	252.884003	124.708	*								
5236	408.437988	351.214294	129.149994	*								
5237	335.953003	395.675201	110.341003	*								
5238	284.440002	400.88739	94.533096	*								
5239	432.398987	201.496002	129.699997	*								
5240	439.343018	147.399002	129.914001	*								
5241	623.298828	540.401978	121.196999	*								
5242	653.591187	580.666992	128.322998	*								
5243	686.075989	618.61499	114.803001	*								
5244	720.640991	654.177979	99.403801	*								
5245	363.721008	471.242004	101.730301	*								
5246	273.063995	441.826416	108.998001	*								
5247	265.074005	451.365295	52.3708	*								
5248	226.557007	471.346008	33.347	*								
5249	833.938965	419.8685	87.1493	*								
5250	885.342041	426.32309	85.801598	*								
5251	937.138	425.611816	88.636299	*								
5252	827.846008	231.927002	89.454102	*								
5253	868.937012	265.10141	82.855904	*								
5254	921.354004	227.425995	72.759201	*								
5255	901.148987	179.376999	70.224503	*								
5256	891.94104	127.022995	70.308395	*								
5257	888.091003	76.890015	80.176201	*								
5258	925.322998	308.935699	34.4949	*								
5259	949.52301	342.108704	17.33893	*								
5260	958.605957	394.774292	17.16283	*								
5261	965.752991	447.787689	16.42881	*								
5262	973.584961	500.695984	14.905371	*								
5263	875.031982	7.88501	80.437202	*								
5264	918.047974	7.591003	80.973297	*								
5265	562.448303	31.552002	125.505997	*								
5266	415.359985	101.509003	131.774994	*								
5267	417.231018	47.524994	129.46701	*								
5268	459.929016	157.367996	139.932007	*								
5269	424.307983	372.354187	81.612099	*								
5270	395.372009	426.356293	99.898499	*								
5271	331.550995	457.763611	32.183899	*								
5272	360.807983	500.182007	18.887299	*								
5273	387.088013	548.052979	14.836929	*								
5274	388.819	599.195007	17.649	*								
5275	379.184021	651.122986	23.0485	*								
5276	390.514008	702.02002	33.3046	*								
5277	410.278992	750.979004	40.4505	*								
5278	436.473999	796.502014	39.800301	*								
5279	270.514008	380.300903	34.003799	*								
5280	228.963013	351.421173	23.476601	*								
5281	469.669983	368.232056	71.483704	*								
5282	490.545807	406.1138	98.790001	*								
5283	762.645996	647.217041	101.975502	*								
5284	782.958008	607.68103	95.003502	*								
5285	785.309998	696.002991	78.916901	*								
5286	756.973022	757.803955	113.094002	*								
5287	770.539185	751.525635	88.74398	*								
74 Total number of boundary塅䕃⹌塅Es	Default PO2=18.27											
Node	 Bctype	 Press/Flow	 HD	 PO2								
1	2	-1.5774	0.4	40	61.47433772	1.297605778	0.706327857					
2	2	0.1574	0.4	40	61.47433772	1.297605778	0.706327857					
246	2	-3.4491	0.4	40	61.47433772	1.297605778	0.706327857					
640	2	4.8723	0.4	40	61.47433772	1.297605778	0.706327857					
905	2	43.267601	0.4	40	61.47433772	1.297605778	0.706327857					
940	2	5.5136	0.4	40	61.47433772	1.297605778	0.706327857					
1049	2	-0.3328	0.4	40	61.47433772	1.297605778	0.706327857					
1135	2	0.0807	0.4	40	61.47433772	1.297605778	0.706327857					
1189	2	-0.5116	0.4	40	61.47433772	1.297605778	0.706327857					
1302	2	1.9989	0.4	40	61.47433772	1.297605778	0.706327857					
1352	2	-2.7077	0.4	40	61.47433772	1.297605778	0.706327857					
1421	2	-0.1359	0.4	40	61.47433772	1.297605778	0.706327857					
1453	2	0.0078	0.4	40	61.47433772	1.297605778	0.706327857					
1458	2	0.9859	0.4	40	61.47433772	1.297605778	0.706327857					
1501	2	0.9305	0.4	40	61.47433772	1.297605778	0.706327857					
1547	2	1.0189	0.4	40	61.47433772	1.297605778	0.706327857					
1567	2	6.5797	0.4	40	61.47433772	1.297605778	0.706327857					
1612	2	1.27	0.4	40	61.47433772	1.297605778	0.706327857					
1628	2	-0.0661	0.4	40	61.47433772	1.297605778	0.706327857					
1649	2	0.3516	0.4	40	61.47433772	1.297605778	0.706327857					
1668	2	-0.1225	0.4	40	61.47433772	1.297605778	0.706327857					
1718	2	-0.0351	0.4	40	61.47433772	1.297605778	0.706327857					
1729	2	-0.42	0.4	40	61.47433772	1.297605778	0.706327857					
1735	2	1.012	0.4	40	61.47433772	1.297605778	0.706327857					
1766	2	-0.5751	0.4	40	61.47433772	1.297605778	0.706327857					
1767	2	-0.6514	0.4	40	61.47433772	1.297605778	0.706327857					
1797	2	1.0878	0.4	40	61.47433772	1.297605778	0.706327857					
1800	2	1.3796	0.4	40	61.47433772	1.297605778	0.706327857					
1806	2	-0.6603	0.4	40	61.47433772	1.297605778	0.706327857					
1916	2	-4.6681	0.4	40	61.47433772	1.297605778	0.706327857					
1940	2	2.6972	0.4	40	61.47433772	1.297605778	0.706327857					
1951	2	0.9402	0.4	40	61.47433772	1.297605778	0.706327857					
1972	2	-0.396	0.4	40	61.47433772	1.297605778	0.706327857					
1980	2	0.9728	0.4	40	61.47433772	1.297605778	0.706327857					
2024	2	-0.692	0.4	40	61.47433772	1.297605778	0.706327857					
2027	2	-0.8243	0.4	40	61.47433772	1.297605778	0.706327857					
2052	2	-0.227	0.4	40	61.47433772	1.297605778	0.706327857					
2079	2	-0.5173	0.4	40	61.47433772	1.297605778	0.706327857					
2096	2	-1.2723	0.4	40	61.47433772	1.297605778	0.706327857					
2169	2	-5.5609	0.4	40	61.47433772	1.297605778	0.706327857					
2176	2	31.097401	0.4	40	61.47433772	1.297605778	0.706327857					
2236	2	-2.4188	0.4	40	61.47433772	1.297605778	0.706327857					
2362	2	-12.1259	0.4	40	61.47433772	1.297605778	0.706327857					
2409	2	-0.0357	0.4	40	61.47433772	1.297605778	0.706327857					
2565	2	0.535	0.4	40	61.47433772	1.297605778	0.706327857					
2569	2	0.3541	0.4	40	61.47433772	1.297605778	0.706327857					
2593	2	0.0416	0.4	40	61.47433772	1.297605778	0.706327857					
2600	2	1.2854	0.4	40	61.47433772	1.297605778	0.706327857					
2645	2	1.8809	0.4	40	61.47433772	1.297605778	0.706327857					
2672	2	-0.1535	0.4	40	61.47433772	1.297605778	0.706327857					
2716	2	21.521	0.4	40	61.47433772	1.297605778	0.706327857					
2760	2	0.2441	0.4	40	61.47433772	1.297605778	0.706327857					
2781	2	-0.5501	0.4	40	61.47433772	1.297605778	0.706327857					
2834	2	-0.3109	0.4	40	61.47433772	1.297605778	0.706327857					
2926	2	0.5836	0.4	40	61.47433772	1.297605778	0.706327857					
2947	2	34.2575	0.4	40	61.47433772	1.297605778	0.706327857					
2949	2	4.8581	0.4	40	61.47433772	1.297605778	0.706327857			**changed to 38		
2977	2	-0.5034	0.4	40	61.47433772	1.297605778	0.706327857					
2987	2	0.2912	0.4	40	61.47433772	1.297605778	0.706327857					
3005	2	0.2083	0.4	40	61.47433772	1.297605778	0.706327857					
3035	2	0.3797	0.4	40	61.47433772	1.297605778	0.706327857					
3058	2	-72.432503	0.4	40	61.47433772	1.297605778	0.706327857					
3215	2	6.6972	0.4	40	61.47433772	1.297605778	0.706327857					
3299	2	3.9888	0.4	40	61.47433772	1.297605778	0.706327857					
3492	2	5.3932	0.4	40	61.47433772	1.297605778	0.706327857					
3525	0	11	0.4	40	61.47433772	1.297605778	0.706327857					
3549	2	2.4119	0.4	40	61.47433772	1.297605778	0.706327857					
3629	2	-1.4231	0.4	40	61.47433772	1.297605778	0.706327857					
3752	2	-1.885	0.4	40	61.47433772	1.297605778	0.706327857					
3779	2	1.1379	0.4	40	61.47433772	1.297605778	0.706327857					
3841	2	37.614399	0.4	40	61.47433772	1.297605778	0.706327857					
3864	2	0.4642	0.4	40	61.47433772	1.297605778	0.706327857					
3890	2	-0.8049	0.4	40	61.47433772	1.297605778	0.706327857					
3940	2	-1.1625	0.4	40	61.47433772	1.297605778	0.706327857					
